1.00000000000000,
0.99999300136687,
0.99997200566655,
0.99993701349626,
0.99988802585133,
0.99982504412516,
0.99974807010919,
0.99965710599282,
0.99955215436332,
0.99943321820575,
0.99930030090285,
0.99915340623488,
0.99899253837952,
0.99881770191169,
0.99862890180340,
0.99842614342353,
0.99820943253766,
0.99797877530784,
0.99773417829237,
0.99747564844554,
0.99720319311740,
0.99691682005344,
0.99661653739434,
0.99630235367564,
0.99597427782744,
0.99563231917406,
0.99527648743370,
0.99490679271804,
0.99452324553192,
0.99412585677291,
0.99371463773089,
0.99328960008768,
0.99285075591655,
0.99239811768181,
0.99193169823833,
0.99145151083104,
0.99095756909446,
0.99044988705220,
0.98992847911640,
0.98939336008722,
0.98884454515230,
0.98828204988615,
0.98770589024961,
0.98711608258923,
0.98651264363667,
0.98589559050808,
0.98526494070347,
0.98462071210600,
0.98396292298142,
0.98329159197728,
0.98260673812229,
0.98190838082562,
0.98119653987615,
0.98047123544173,
0.97973248806846,
0.97898031867991,
0.97821474857630,
0.97743579943379,
0.97664349330360,
0.97583785261120,
0.97501890015552,
0.97418665910807,
0.97334115301205,
0.97248240578153,
0.97161044170053,
0.97072528542210,
0.96982696196745,
0.96891549672496,
0.96799091544931,
0.96705324426045,
0.96610250964265,
0.96513873844357,
0.96416195787317,
0.96317219550277,
0.96216947926400,
0.96115383744776,
0.96012529870318,
0.95908389203654,
0.95802964681023,
0.95696259274159,
0.95588275990188,
0.95479017871514,
0.95368487995705,
0.95256689475377,
0.95143625458084,
0.95029299126199,
0.94913713696791,
0.94796872421515,
0.94678778586485,
0.94559435512151,
0.94438846553184,
0.94317015098344,
0.94193944570356,
0.94069638425787,
0.93944100154914,
0.93817333281597,
0.93689341363149,
0.93560127990202,
0.93429696786576,
0.93298051409147,
0.93165195547706,
0.93031132924830,
0.92895867295738,
0.92759402448156,
0.92621742202178,
0.92482890410120,
0.92342850956384,
0.92201627757310,
0.92059224761035,
0.91915645947342,
0.91770895327523,
0.91624976944219,
0.91477894871281,
0.91329653213614,
0.91180256107030,
0.91029707718091,
0.90878012243961,
0.90725173912247,
0.90571196980845,
0.90416085737785,
0.90259844501071,
0.90102477618524,
0.89943989467621,
0.89784384455335,
0.89623667017973,
0.89461841621012,
0.89298912758937,
0.89134884955076,
0.88969762761430,
0.88803550758514,
0.88636253555182,
0.88467875788458,
0.88298422123374,
0.88127897252790,
0.87956305897228,
0.87783652804695,
0.87609942750513,
0.87435180537144,
0.87259370994011,
0.87082518977325,
0.86904629369907,
0.86725707081008,
0.86545757046131,
0.86364784226851,
0.86182793610633,
0.85999790210651,
0.85815779065606,
0.85630765239539,
0.85444753821651,
0.85257749926114,
0.85069758691888,
0.84880785282530,
0.84690834886011,
0.84499912714523,
0.84308024004292,
0.84115174015386,
0.83921368031527,
0.83726611359896,
0.83530909330941,
0.83334267298187,
0.83136690638035,
0.82938184749576,
0.82738755054385,
0.82538406996336,
0.82337146041395,
0.82134977677428,
0.81931907414002,
0.81727940782183,
0.81523083334337,
0.81317340643935,
0.81110718305340,
0.80903221933618,
0.80694857164328,
0.80485629653318,
0.80275545076527,
0.80064609129774,
0.79852827528558,
0.79640206007850,
0.79426750321886,
0.79212466243962,
0.78997359566224,
0.78781436099464,
0.78564701672907,
0.78347162134003,
0.78128823348221,
0.77909691198833,
0.77689771586706,
0.77469070430091,
0.77247593664411,
0.77025347242049,
0.76802337132131,
0.76578569320321,
0.76354049808597,
0.76128784615048,
0.75902779773647,
0.75676041334047,
0.75448575361357,
0.75220387935932,
0.74991485153152,
0.74761873123208,
0.74531557970883,
0.74300545835335,
0.74068842869879,
0.73836455241770,
0.73603389131979,
0.73369650734979,
0.73135246258526,
0.72900181923434,
0.72664463963358,
0.72428098624575,
0.72191092165760,
0.71953450857767,
0.71715180983404,
0.71476288837217,
0.71236780725265,
0.70996662964896,
0.70755941884527,
0.70514623823421,
0.70272715131461,
0.70030222168933,
0.69787151306295,
0.69543508923960,
0.69299301412066,
0.69054535170259,
0.68809216607463,
0.68563352141655,
0.68316948199647,
0.68070011216855,
0.67822547637076,
0.67574563912265,
0.67326066502306,
0.67077061874792,
0.66827556504792,
0.66577556874634,
0.66327069473674,
0.66076100798073,
0.65824657350568,
0.65572745640251,
0.65320372182340,
0.65067543497952,
0.64814266113883,
0.64560546562373,
0.64306391380891,
0.64051807111898,
0.63796800302630,
0.63541377504867,
0.63285545274709,
0.63029310172351,
0.62772678761853,
0.62515657610920,
0.62258253290674,
0.62000472375426,
0.61742321442454,
0.61483807071777,
0.61224935845926,
0.60965714349723,
0.60706149170056,
0.60446246895651,
0.60186014116848,
0.59925457425379,
0.59664583414140,
0.59403398676967,
0.59141909808416,
0.58880123403533,
0.58618046057634,
0.58355684366081,
0.58093044924056,
0.57830134326341,
0.57566959167095,
0.57303526039627,
0.57039841536179,
0.56775912247700,
0.56511744763625,
0.56247345671655,
0.55982721557532,
0.55717879004821,
0.55452824594689,
0.55187564905681,
0.54922106513506,
0.54656455990809,
0.54390619906960,
0.54124604827829,
0.53858417315567,
0.53592063928391,
0.53325551220365,
0.53058885741180,
0.52792074035938,
0.52525122644935,
0.52258038103445,
0.51990826941502,
0.51723495683688,
0.51456050848913,
0.51188498950201,
0.50920846494481,
0.50653099982366,
0.50385265907942,
0.50117350758557,
0.49849361014605,
0.49581303149318,
0.49313183628551,
0.49045008910570,
0.48776785445846,
0.48508519676843,
0.48240218037805,
0.47971886954552,
0.47703532844269,
0.47435162115299,
0.47166781166934,
0.46898396389213,
0.46630014162707,
0.46361640858324,
0.46093282837097,
0.45824946449980,
0.45556638037648,
0.45288363930290,
0.45020130447409,
0.44751943897619,
0.44483810578443,
0.44215736776115,
0.43947728765377,
0.43679792809282,
0.43411935158994,
0.43144162053590,
0.42876479719865,
0.42608894372132,
0.42341412212028,
0.42074039428321,
0.41806782196710,
0.41539646679638,
0.41272639026093,
0.41005765371420,
0.40739031837129,
0.40472444530700,
0.40206009545399,
0.39939732960086,
0.39673620839025,
0.39407679231700,
0.39141914172625,
0.38876331681159,
0.38610937761322,
0.38345738401609,
0.38080739574807,
0.37815947237809,
0.37551367331441,
0.37287005780269,
0.37022868492428,
0.36758961359438,
0.36495290256027,
0.36231861039952,
0.35968679551823,
0.35705751614928,
0.35443083035056,
0.35180679600323,
0.34918547081000,
0.34656691229340,
0.34395117779407,
0.34133832446902,
0.33872840928999,
0.33612148904172,
0.33351762032028,
0.33091685953141,
0.32831926288885,
0.32572488641271,
0.32313378592781,
0.32054601706203,
0.31796163524475,
0.31538069570517,
0.31280325347077,
0.31022936336565,
0.30765908000902,
0.30509245781357,
0.30252955098395,
0.29997041351518,
0.29741509919113,
0.29486366158300,
0.29231615404777,
0.28977262972670,
0.28723314154384,
0.28469774220452,
0.28216648419389,
0.27963941977543,
0.27711660098949,
0.27459807965189,
0.27208390735240,
0.26957413545337,
0.26706881508831,
0.26456799716045,
0.26207173234138,
0.25958007106966,
0.25709306354941,
0.25461075974900,
0.25213320939966,
0.24966046199417,
0.24719256678548,
0.24472957278545,
0.24227152876351,
0.23981848324536,
0.23737048451171,
0.23492758059698,
0.23248981928804,
0.23005724812299,
0.22762991438986,
0.22520786512545,
0.22279114711406,
0.22037980688631,
0.21797389071794,
0.21557344462864,
0.21317851438084,
0.21078914547859,
0.20840538316641,
0.20602727242812,
0.20365485798575,
0.20128818429842,
0.19892729556122,
0.19657223570414,
0.19422304839101,
0.19187977701838,
0.18954246471451,
0.18721115433832,
0.18488588847837,
0.18256670945180,
0.18025365930338,
0.17794677980448,
0.17564611245210,
0.17335169846789,
0.17106357879723,
0.16878179410822,
0.16650638479081,
0.16423739095584,
0.16197485243415,
0.15971880877567,
0.15746929924856,
0.15522636283829,
0.15299003824684,
0.15076036389182,
0.14853737790561,
0.14632111813461,
0.14411162213835,
0.14190892718874,
0.13971307026927,
0.13752408807424,
0.13534201700801,
0.13316689318420,
0.13099875242504,
0.12883763026057,
0.12668356192797,
0.12453658237083,
0.12239672623852,
0.12026402788544,
0.11813852137044,
0.11602024045610,
0.11390921860812,
0.11180548899474,
0.10970908448604,
0.10762003765344,
0.10553838076903,
0.10346414580506,
0.10139736443332,
0.09933806802466,
0.09728628764839,
0.09524205407181,
0.09320539775967,
0.09117634887366,
0.08915493727197,
0.08714119250877,
0.08513514383379,
0.08313682019184,
0.08114625022240,
0.07916346225918,
0.07718848432971,
0.07522134415498,
0.07326206914901,
0.07131068641849,
0.06936722276244,
0.06743170467183,
0.06550415832931,
0.06358460960880,
0.06167308407525,
0.05976960698431,
0.05787420328209,
0.05598689760481,
0.05410771427863,
0.05223667731934,
0.05037381043215,
0.04851913701148,
0.04667268014075,
0.04483446259214,
0.04300450682648,
0.04118283499302,
0.03936946892931,
0.03756443016102,
0.03576773990184,
0.03397941905333,
0.03219948820483,
0.03042796763336,
0.02866487730355,
0.02691023686753,
0.02516406566490,
0.02342638272269,
0.02169720675532,
0.01997655616454,
0.01826444903949,
0.01656090315665,
0.01486593597985,
0.01317956466036,
0.01150180603684,
0.00983267663547,
0.00817219266998,
0.00652037004171,
0.00487722433972,
0.00324277084090,
0.00161702451004,
-0.00000000000000,
-0.00160828834817,
-0.00320782650510,
-0.00479860075291,
-0.00638059768507,
-0.00795380420618,
-0.00951820753182,
-0.01107379518828,
-0.01262055501240,
-0.01415847515132,
-0.01568754406221,
-0.01720775051207,
-0.01871908357739,
-0.02022153264395,
-0.02171508740648,
-0.02319973786835,
-0.02467547434131,
-0.02614228744512,
-0.02760016810724,
-0.02904910756244,
-0.03048909735251,
-0.03192012932583,
-0.03334219563700,
-0.03475528874648,
-0.03615940142015,
-0.03755452672891,
-0.03894065804823,
-0.04031778905777,
-0.04168591374084,
-0.04304502638404,
-0.04439512157671,
-0.04573619421049,
-0.04706823947881,
-0.04839125287639,
-0.04970523019872,
-0.05101016754154,
-0.05230606130030,
-0.05359290816961,
-0.05487070514269,
-0.05613944951079,
-0.05739913886261,
-0.05864977108373,
-0.05989134435596,
-0.06112385715680,
-0.06234730825874,
-0.06356169672869,
-0.06476702192731,
-0.06596328350835,
-0.06715048141800,
-0.06832861589420,
-0.06949768746598,
-0.07065769695275,
-0.07180864546358,
-0.07295053439653,
-0.07408336543788,
-0.07520714056142,
-0.07632186202769,
-0.07742753238324,
-0.07852415445987,
-0.07961173137382,
-0.08069026652503,
-0.08175976359633,
-0.08282022655264,
-0.08387165964013,
-0.08491406738544,
-0.08594745459483,
-0.08697182635333,
-0.08798718802390,
-0.08899354524656,
-0.08999090393756,
-0.09097927028843,
-0.09195865076516,
-0.09292905210727,
-0.09389048132691,
-0.09484294570797,
-0.09578645280510,
-0.09672101044283,
-0.09764662671462,
-0.09856330998189,
-0.09947106887308,
-0.10036991228267,
-0.10125984937023,
-0.10214088955939,
-0.10301304253690,
-0.10387631825159,
-0.10473072691338,
-0.10557627899227,
-0.10641298521727,
-0.10724085657544,
-0.10805990431076,
-0.10887013992317,
-0.10967157516745,
-0.11046422205216,
-0.11124809283860,
-0.11202320003970,
-0.11278955641893,
-0.11354717498922,
-0.11429606901185,
-0.11503625199533,
-0.11576773769429,
-0.11649054010833,
-0.11720467348093,
-0.11791015229827,
-0.11860699128809,
-0.11929520541854,
-0.11997480989703,
-0.12064582016903,
-0.12130825191691,
-0.12196212105874,
-0.12260744374715,
-0.12324423636805,
-0.12387251553952,
-0.12449229811050,
-0.12510360115966,
-0.12570644199412,
-0.12630083814826,
-0.12688680738242,
-0.12746436768175,
-0.12803353725486,
-0.12859433453266,
-0.12914677816702,
-0.12969088702953,
-0.13022668021027,
-0.13075417701644,
-0.13127339697117,
-0.13178435981215,
-0.13228708549038,
-0.13278159416887,
-0.13326790622130,
-0.13374604223072,
-0.13421602298824,
-0.13467786949171,
-0.13513160294435,
-0.13557724475349,
-0.13601481652914,
-0.13644434008271,
-0.13686583742565,
-0.13727933076806,
-0.13768484251737,
-0.13808239527696,
-0.13847201184478,
-0.13885371521200,
-0.13922752856160,
-0.13959347526701,
-0.13995157889072,
-0.14030186318287,
-0.14064435207989,
-0.14097906970305,
-0.14130604035709,
-0.14162528852880,
-0.14193683888563,
-0.14224071627421,
-0.14253694571900,
-0.14282555242082,
-0.14310656175545,
-0.14337999927218,
-0.14364589069237,
-0.14390426190801,
-0.14415513898032,
-0.14439854813824,
-0.14463451577701,
-0.14486306845673,
-0.14508423290088,
-0.14529803599488,
-0.14550450478460,
-0.14570366647493,
-0.14589554842830,
-0.14608017816317,
-0.14625758335264,
-0.14642779182287,
-0.14659083155170,
-0.14674673066708,
-0.14689551744566,
-0.14703722031126,
-0.14717186783338,
-0.14729948872574,
-0.14742011184476,
-0.14753376618805,
-0.14764048089297,
-0.14774028523507,
-0.14783320862661,
-0.14791928061506,
-0.14799853088161,
-0.14807098923963,
-0.14813668563318,
-0.14819565013549,
-0.14824791294746,
-0.14829350439615,
-0.14833245493325,
-0.14836479513357,
-0.14839055569351,
-0.14840976742960,
-0.14842246127688,
-0.14842866828748,
-0.14842841962902,
-0.14842174658316,
-0.14840868054400,
-0.14838925301663,
-0.14836349561555,
-0.14833144006317,
-0.14829311818828,
-0.14824856192452,
-0.14819780330888,
-0.14814087448012,
-0.14807780767730,
-0.14800863523821,
-0.14793338959786,
-0.14785210328697,
-0.14776480893039,
-0.14767153924565,
-0.14757232704135,
-0.14746720521571,
-0.14735620675496,
-0.14723936473191,
-0.14711671230434,
-0.14698828271352,
-0.14685410928267,
-0.14671422541544,
-0.14656866459438,
-0.14641746037944,
-0.14626064640642,
-0.14609825638544,
-0.14593032409946,
-0.14575688340274,
-0.14557796821932,
-0.14539361254149,
-0.14520385042831,
-0.14500871600404,
-0.14480824345670,
-0.14460246703650,
-0.14439142105433,
-0.14417513988030,
-0.14395365794219,
-0.14372700972394,
-0.14349522976418,
-0.14325835265471,
-0.14301641303898,
-0.14276944561064,
-0.14251748511199,
-0.14226056633250,
-0.14199872410737,
-0.14173199331596,
-0.14146040888034,
-0.14118400576383,
-0.14090281896945,
-0.14061688353851,
-0.14032623454909,
-0.14003090711456,
-0.13973093638214,
-0.13942635753140,
-0.13911720577279,
-0.13880351634620,
-0.13848532451948,
-0.13816266558697,
-0.13783557486807,
-0.13750408770576,
-0.13716823946516,
-0.13682806553210,
-0.13648360131163,
-0.13613488222663,
-0.13578194371633,
-0.13542482123491,
-0.13506355025003,
-0.13469816624144,
-0.13432870469955,
-0.13395520112395,
-0.13357769102210,
-0.13319620990780,
-0.13281079329989,
-0.13242147672074,
-0.13202829569493,
-0.13163128574781,
-0.13123048240410,
-0.13082592118653,
-0.13041763761443,
-0.13000566720235,
-0.12959004545868,
-0.12917080788429,
-0.12874798997116,
-0.12832162720097,
-0.12789175504380,
-0.12745840895674,
-0.12702162438254,
-0.12658143674825,
-0.12613788146392,
-0.12569099392121,
-0.12524080949208,
-0.12478736352746,
-0.12433069135591,
-0.12387082828233,
-0.12340780958662,
-0.12294167052236,
-0.12247244631553,
-0.12200017216321,
-0.12152488323225,
-0.12104661465802,
-0.12056540154308,
-0.12008127895596,
-0.11959428192983,
-0.11910444546125,
-0.11861180450891,
-0.11811639399235,
-0.11761824879076,
-0.11711740374164,
-0.11661389363965,
-0.11610775323532,
-0.11559901723381,
-0.11508772029374,
-0.11457389702588,
-0.11405758199203,
-0.11353880970376,
-0.11301761462117,
-0.11249403115179,
-0.11196809364930,
-0.11143983641236,
-0.11090929368348,
-0.11037649964778,
-0.10984148843186,
-0.10930429410262,
-0.10876495066611,
-0.10822349206640,
-0.10767995218438,
-0.10713436483667,
-0.10658676377449,
-0.10603718268248,
-0.10548565517764,
-0.10493221480820,
-0.10437689505250,
-0.10381972931787,
-0.10326075093959,
-0.10269999317976,
-0.10213748922624,
-0.10157327219155,
-0.10100737511182,
-0.10043983094572,
-0.09987067257343,
-0.09929993279554,
-0.09872764433206,
-0.09815383982133,
-0.09757855181906,
-0.09700181279723,
-0.09642365514316,
-0.09584411115840,
-0.09526321305783,
-0.09468099296858,
-0.09409748292911,
-0.09351271488818,
-0.09292672070390,
-0.09233953214273,
-0.09175118087859,
-0.09116169849182,
-0.09057111646829,
-0.08997946619845,
-0.08938677897638,
-0.08879308599887,
-0.08819841836453,
-0.08760280707284,
-0.08700628302326,
-0.08640887701434,
-0.08581061974282,
-0.08521154180276,
-0.08461167368466,
-0.08401104577456,
-0.08340968835323,
-0.08280763159531,
-0.08220490556841,
-0.08160154023233,
-0.08099756543820,
-0.08039301092767,
-0.07978790633208,
-0.07918228117165,
-0.07857616485470,
-0.07796958667681,
-0.07736257582010,
-0.07675516135237,
-0.07614737222641,
-0.07553923727916,
-0.07493078523100,
-0.07432204468499,
-0.07371304412613,
-0.07310381192060,
-0.07249437631507,
-0.07188476543596,
-0.07127500728872,
-0.07066512975714,
-0.07005516060265,
-0.06944512746364,
-0.06883505785476,
-0.06822497916623,
-0.06761491866324,
-0.06700490348522,
-0.06639496064522,
-0.06578511702926,
-0.06517539939572,
-0.06456583437465,
-0.06395644846722,
-0.06334726804506,
-0.06273831934969,
-0.06212962849187,
-0.06152122145106,
-0.06091312407484,
-0.06030536207827,
-0.05969796104342,
-0.05909094641872,
-0.05848434351848,
-0.05787817752229,
-0.05727247347452,
-0.05666725628379,
-0.05606255072243,
-0.05545838142599,
-0.05485477289271,
-0.05425174948304,
-0.05364933541915,
-0.05304755478446,
-0.05244643152312,
-0.05184598943960,
-0.05124625219820,
-0.05064724332260,
-0.05004898619543,
-0.04945150405783,
-0.04885482000900,
-0.04825895700582,
-0.04766393786243,
-0.04706978524977,
-0.04647652169526,
-0.04588416958237,
-0.04529275115024,
-0.04470228849332,
-0.04411280356099,
-0.04352431815721,
-0.04293685394017,
-0.04235043242194,
-0.04176507496814,
-0.04118080279760,
-0.04059763698206,
-0.04001559844587,
-0.03943470796562,
-0.03885498616992,
-0.03827645353905,
-0.03769913040474,
-0.03712303694983,
-0.03654819320804,
-0.03597461906371,
-0.03540233425154,
-0.03483135835635,
-0.03426171081283,
-0.03369341090533,
-0.03312647776765,
-0.03256093038276,
-0.03199678758269,
-0.03143406804825,
-0.03087279030887,
-0.03031297274243,
-0.02975463357506,
-0.02919779088097,
-0.02864246258230,
-0.02808866644898,
-0.02753642009853,
-0.02698574099598,
-0.02643664645371,
-0.02588915363130,
-0.02534327953548,
-0.02479904101993,
-0.02425645478527,
-0.02371553737887,
-0.02317630519486,
-0.02263877447394,
-0.02210296130342,
-0.02156888161704,
-0.02103655119500,
-0.02050598566386,
-0.01997720049649,
-0.01945021101208,
-0.01892503237604,
-0.01840167960002,
-0.01788016754189,
-0.01736051090570,
-0.01684272424172,
-0.01632682194640,
-0.01581281826241,
-0.01530072727864,
-0.01479056293023,
-0.01428233899860,
-0.01377606911150,
-0.01327176674302,
-0.01276944521369,
-0.01226911769050,
-0.01177079718696,
-0.01127449656321,
-0.01078022852606,
-0.01028800562912,
-0.00979784027282,
-0.00930974470458,
-0.00882373101888,
-0.00833981115736,
-0.00785799690897,
-0.00737829991007,
-0.00690073164458,
-0.00642530344410,
-0.00595202648805,
-0.00548091180384,
-0.00501197026702,
-0.00454521260143,
-0.00408064937937,
-0.00361829102182,
-0.00315814779854,
-0.00270022982833,
-0.00224454707920,
-0.00179110936855,
-0.00133992636341,
-0.00089100758063,
-0.00044436238710,
0.00000000000000,
0.00044207051302,
0.00088184023354,
0.00131930039217,
0.00175444236832,
0.00218725768987,
0.00261773803297,
0.00304587522179,
0.00347166122819,
0.00389508817146,
0.00431614831806,
0.00473483408134,
0.00515113802118,
0.00556505284375,
0.00597657140120,
0.00638568669132,
0.00679239185722,
0.00719668018706,
0.00759854511365,
0.00799798021417,
0.00839497920981,
0.00878953596543,
0.00918164448921,
0.00957129893227,
0.00995849358837,
0.01034322289347,
0.01072548142543,
0.01110526390358,
0.01148256518836,
0.01185738028093,
0.01222970432280,
0.01259953259540,
0.01296686051970,
0.01333168365579,
0.01369399770248,
0.01405379849690,
0.01441108201403,
0.01476584436633,
0.01511808180328,
0.01546779071092,
0.01581496761149,
0.01615960916289,
0.01650171215832,
0.01684127352573,
0.01717829032747,
0.01751275975973,
0.01784467915214,
0.01817404596726,
0.01850085780013,
0.01882511237776,
0.01914680755870,
0.01946594133246,
0.01978251181912,
0.02009651726877,
0.02040795606101,
0.02071682670447,
0.02102312783628,
0.02132685822158,
0.02162801675298,
0.02192660245004,
0.02222261445875,
0.02251605205101,
0.02280691462409,
0.02309520170008,
0.02338091292536,
0.02366404807008,
0.02394460702755,
0.02422258981376,
0.02449799656678,
0.02477082754620,
0.02504108313261,
0.02530876382697,
0.02557387025009,
0.02583640314205,
0.02609636336161,
0.02635375188563,
0.02660856980850,
0.02686081834155,
0.02711049881247,
0.02735761266468,
0.02760216145678,
0.02784414686193,
0.02808357066726,
0.02832043477324,
0.02855474119311,
0.02878649205223,
0.02901568958751,
0.02924233614674,
0.02946643418803,
0.02968798627914,
0.02990699509690,
0.03012346342653,
0.03033739416106,
0.03054879030066,
0.03075765495204,
0.03096399132780,
0.03116780274575,
0.03136909262834,
0.03156786450196,
0.03176412199633,
0.03195786884380,
0.03214910887877,
0.03233784603697,
0.03252408435484,
0.03270782796887,
0.03288908111493,
0.03306784812760,
0.03324413343953,
0.03341794158076,
0.03358927717806,
0.03375814495424,
0.03392454972748,
0.03408849641071,
0.03424999001084,
0.03440903562817,
0.03456563845567,
0.03471980377830,
0.03487153697233,
0.03502084350465,
0.03516772893213,
0.03531219890085,
0.03545425914550,
0.03559391548863,
0.03573117383996,
0.03586604019574,
0.03599852063800,
0.03612862133389,
0.03625634853494,
0.03638170857644,
0.03650470787666,
0.03662535293618,
0.03674365033723,
0.03685960674291,
0.03697322889656,
0.03708452362100,
0.03719349781789,
0.03730015846693,
0.03740451262526,
0.03750656742667,
0.03760633008093,
0.03770380787309,
0.03779900816275,
0.03789193838333,
0.03798260604142,
0.03807101871602,
0.03815718405785,
0.03824110978861,
0.03832280370030,
0.03840227365451,
0.03847952758167,
0.03855457348036,
0.03862741941661,
0.03869807352315,
0.03876654399872,
0.03883283910735,
0.03889696717766,
0.03895893660211,
0.03901875583631,
0.03907643339830,
0.03913197786784,
0.03918539788569,
0.03923670215288,
0.03928589943002,
0.03933299853659,
0.03937800835017,
0.03942093780581,
0.03946179589523,
0.03950059166619,
0.03953733422169,
0.03957203271933,
0.03960469637056,
0.03963533443997,
0.03966395624459,
0.03969057115315,
0.03971518858543,
0.03973781801147,
0.03975846895092,
0.03977715097230,
0.03979387369232,
0.03980864677513,
0.03982147993165,
0.03983238291885,
0.03984136553904,
0.03984843763917,
0.03985360911013,
0.03985688988603,
0.03985828994352,
0.03985781930109,
0.03985548801832,
0.03985130619526,
0.03984528397167,
0.03983743152635,
0.03982775907643,
0.03981627687669,
0.03980299521886,
0.03978792443092,
0.03977107487642,
0.03975245695377,
0.03973208109560,
0.03970995776799,
0.03968609746988,
0.03966051073231,
0.03963320811778,
0.03960420021952,
0.03957349766090,
0.03954111109463,
0.03950705120219,
0.03947132869309,
0.03943395430422,
0.03939493879919,
0.03935429296761,
0.03931202762448,
0.03926815360948,
0.03922268178633,
0.03917562304211,
0.03912698828660,
0.03907678845163,
0.03902503449041,
0.03897173737688,
0.03891690810504,
0.03886055768833,
0.03880269715895,
0.03874333756720,
0.03868248998089,
0.03862016548461,
0.03855637517918,
0.03849113018093,
0.03842444162110,
0.03835632064521,
0.03828677841241,
0.03821582609482,
0.03814347487698,
0.03806973595512,
0.03799462053663,
0.03791813983936,
0.03784030509105,
0.03776112752868,
0.03768061839787,
0.03759878895225,
0.03751565045289,
0.03743121416761,
0.03734549137048,
0.03725849334110,
0.03717023136409,
0.03708071672846,
0.03698996072698,
0.03689797465564,
0.03680476981301,
0.03671035749969,
0.03661474901769,
0.03651795566987,
0.03641998875934,
0.03632085958890,
0.03622057946044,
0.03611915967439,
0.03601661152914,
0.03591294632045,
0.03580817534093,
0.03570230987942,
0.03559536122050,
0.03548734064386,
0.03537825942379,
0.03526812882862,
0.03515696012017,
0.03504476455321,
0.03493155337488,
0.03481733782421,
0.03470212913154,
0.03458593851801,
0.03446877719498,
0.03435065636359,
0.03423158721414,
0.03411158092564,
0.03399064866523,
0.03386880158773,
0.03374605083506,
0.03362240753577,
0.03349788280454,
0.03337248774164,
0.03324623343245,
0.03311913094696,
0.03299119133928,
0.03286242564715,
0.03273284489143,
0.03260246007564,
0.03247128218546,
0.03233932218826,
0.03220659103262,
0.03207309964786,
0.03193885894359,
0.03180387980918,
0.03166817311339,
0.03153174970382,
0.03139462040652,
0.03125679602550,
0.03111828734229,
0.03097910511551,
0.03083926008038,
0.03069876294835,
0.03055762440659,
0.03041585511762,
0.03027346571883,
0.03013046682207,
0.02998686901326,
0.02984268285191,
0.02969791887076,
0.02955258757531,
0.02940669944348,
0.02926026492512,
0.02911329444170,
0.02896579838582,
0.02881778712089,
0.02866927098066,
0.02852026026893,
0.02837076525906,
0.02822079619365,
0.02807036328416,
0.02791947671050,
0.02776814662069,
0.02761638313048,
0.02746419632297,
0.02731159624829,
0.02715859292318,
0.02700519633070,
0.02685141641983,
0.02669726310514,
0.02654274626646,
0.02638787574851,
0.02623266136058,
0.02607711287621,
0.02592124003281,
0.02576505253141,
0.02560856003626,
0.02545177217455,
0.02529469853609,
0.02513734867300,
0.02497973209939,
0.02482185829105,
0.02466373668517,
0.02450537668002,
0.02434678763468,
0.02418797886869,
0.02402895966185,
0.02386973925386,
0.02371032684408,
0.02355073159123,
0.02339096261312,
0.02323102898641,
0.02307093974629,
0.02291070388626,
0.02275033035784,
0.02258982807034,
0.02242920589060,
0.02226847264271,
0.02210763710780,
0.02194670802381,
0.02178569408519,
0.02162460394272,
0.02146344620326,
0.02130222942952,
0.02114096213983,
0.02097965280793,
0.02081830986275,
0.02065694168818,
0.02049555662288,
0.02033416296007,
0.02017276894729,
0.02001138278627,
0.01985001263265,
0.01968866659586,
0.01952735273888,
0.01936607907806,
0.01920485358298,
0.01904368417621,
0.01888257873316,
0.01872154508192,
0.01856059100306,
0.01839972422951,
0.01823895244633,
0.01807828329061,
0.01791772435130,
0.01775728316903,
0.01759696723600,
0.01743678399579,
0.01727674084326,
0.01711684512439,
0.01695710413614,
0.01679752512632,
0.01663811529349,
0.01647888178678,
0.01631983170581,
0.01616097210055,
0.01600230997121,
0.01584385226814,
0.01568560589169,
0.01552757769215,
0.01536977446959,
0.01521220297381,
0.01505486990421,
0.01489778190972,
0.01474094558869,
0.01458436748884,
0.01442805410712,
0.01427201188967,
0.01411624723175,
0.01396076647762,
0.01380557592052,
0.01365068180257,
0.01349609031473,
0.01334180759671,
0.01318783973693,
0.01303419277247,
0.01288087268900,
0.01272788542075,
0.01257523685046,
0.01242293280930,
0.01227097907691,
0.01211938138129,
0.01196814539878,
0.01181727675408,
0.01166678102014,
0.01151666371822,
0.01136693031780,
0.01121758623661,
0.01106863684058,
0.01092008744384,
0.01077194330872,
0.01062420964574,
0.01047689161358,
0.01032999431913,
0.01018352281742,
0.01003748211171,
0.00989187715342,
0.00974671284219,
0.00960199402588,
0.00945772550057,
0.00931391201060,
0.00917055824859,
0.00902766885543,
0.00888524842038,
0.00874330148101,
0.00860183252330,
0.00846084598166,
0.00832034623893,
0.00818033762648,
0.00804082442421,
0.00790181086062,
0.00776330111283,
0.00762529930668,
0.00748780951671,
0.00735083576631,
0.00721438202768,
0.00707845222198,
0.00694305021934,
0.00680817983894,
0.00667384484906,
0.00654004896722,
0.00640679586015,
0.00627408914397,
0.00614193238418,
0.00601032909582,
0.00587928274349,
0.00574879674148,
0.00561887445382,
0.00548951919441,
0.00536073422709,
0.00523252276574,
0.00510488797437,
0.00497783296726,
0.00485136080899,
0.00472547451461,
0.00460017704973,
0.00447547133061,
0.00435136022428,
0.00422784654866,
0.00410493307270,
0.00398262251643,
0.00386091755115,
0.00373982079951,
0.00361933483567,
0.00349946218538,
0.00338020532614,
0.00326156668734,
0.00314354865036,
0.00302615354873,
0.00290938366826,
0.00279324124716,
0.00267772847623,
0.00256284749894,
0.00244860041162,
0.00233498926358,
0.00222201605730,
0.00210968274852,
0.00199799124644,
0.00188694341383,
0.00177654106725,
0.00166678597715,
0.00155767986804,
0.00144922441868,
0.00134142126221,
0.00123427198635,
0.00112777813351,
0.00102194120103,
0.00091676264128,
0.00081224386189,
0.00070838622589,
0.00060519105188,
0.00050265961423,
0.00040079314325,
0.00029959282535,
0.00019905980327,
0.00009919517620,
0.00000000000000,
-0.00009852471261,
-0.00019637799188,
-0.00029355891084,
-0.00039006658508,
-0.00048590017262,
-0.00058105887363,
-0.00067554193034,
-0.00076934862674,
-0.00086247828846,
-0.00095493028254,
-0.00104670401724,
-0.00113779894180,
-0.00122821454632,
-0.00131795036146,
-0.00140700595831,
-0.00149538094815,
-0.00158307498224,
-0.00167008775163,
-0.00175641898693,
-0.00184206845813,
-0.00192703597434,
-0.00201132138361,
-0.00209492457273,
-0.00217784546697,
-0.00226008402990,
-0.00234164026315,
-0.00242251420623,
-0.00250270593625,
-0.00258221556774,
-0.00266104325242,
-0.00273918917900,
-0.00281665357291,
-0.00289343669610,
-0.00296953884683,
-0.00304496035941,
-0.00311970160401,
-0.00319376298641,
-0.00326714494776,
-0.00333984796439,
-0.00341187254752,
-0.00348321924311,
-0.00355388863154,
-0.00362388132745,
-0.00369319797946,
-0.00376183926995,
-0.00382980591484,
-0.00389709866333,
-0.00396371829769,
-0.00402966563299,
-0.00409494151690,
-0.00415954682942,
-0.00422348248265,
-0.00428674942059,
-0.00434934861882,
-0.00441128108433,
-0.00447254785526,
-0.00453315000064,
-0.00459308862017,
-0.00465236484397,
-0.00471097983233,
-0.00476893477547,
-0.00482623089331,
-0.00488286943522,
-0.00493885167976,
-0.00499417893445,
-0.00504885253551,
-0.00510287384766,
-0.00515624426380,
-0.00520896520484,
-0.00526103811938,
-0.00531246448353,
-0.00536324580062,
-0.00541338360097,
-0.00546287944165,
-0.00551173490620,
-0.00555995160443,
-0.00560753117211,
-0.00565447527080,
-0.00570078558752,
-0.00574646383457,
-0.00579151174924,
-0.00583593109356,
-0.00587972365410,
-0.00592289124165,
-0.00596543569102,
-0.00600735886078,
-0.00604866263301,
-0.00608934891305,
-0.00612941962925,
-0.00616887673271,
-0.00620772219706,
-0.00624595801818,
-0.00628358621398,
-0.00632060882412,
-0.00635702790980,
-0.00639284555346,
-0.00642806385859,
-0.00646268494943,
-0.00649671097075,
-0.00653014408761,
-0.00656298648507,
-0.00659524036801,
-0.00662690796082,
-0.00665799150716,
-0.00668849326976,
-0.00671841553013,
-0.00674776058832,
-0.00677653076270,
-0.00680472838967,
-0.00683235582345,
-0.00685941543582,
-0.00688590961588,
-0.00691184076982,
-0.00693721132062,
-0.00696202370789,
-0.00698628038755,
-0.00700998383163,
-0.00703313652802,
-0.00705574098021,
-0.00707779970709,
-0.00709931524265,
-0.00712029013579,
-0.00714072695005,
-0.00716062826338,
-0.00717999666790,
-0.00719883476966,
-0.00721714518841,
-0.00723493055735,
-0.00725219352289,
-0.00726893674442,
-0.00728516289408,
-0.00730087465653,
-0.00731607472868,
-0.00733076581948,
-0.00734495064970,
-0.00735863195168,
-0.00737181246908,
-0.00738449495667,
-0.00739668218012,
-0.00740837691572,
-0.00741958195017,
-0.00743030008038,
-0.00744053411318,
-0.00745028686517,
-0.00745956116242,
-0.00746835984027,
-0.00747668574314,
-0.00748454172425,
-0.00749193064542,
-0.00749885537685,
-0.00750531879689,
-0.00751132379182,
-0.00751687325564,
-0.00752197008982,
-0.00752661720312,
-0.00753081751133,
-0.00753457393709,
-0.00753788940965,
-0.00754076686465,
-0.00754320924394,
-0.00754521949531,
-0.00754680057232,
-0.00754795543407,
-0.00754868704500,
-0.00754899837466,
-0.00754889239751,
-0.00754837209272,
-0.00754744044395,
-0.00754610043914,
-0.00754435507031,
-0.00754220733337,
-0.00753966022788,
-0.00753671675687,
-0.00753337992663,
-0.00752965274654,
-0.00752553822881,
-0.00752103938832,
-0.00751615924241,
-0.00751090081071,
-0.00750526711489,
-0.00749926117851,
-0.00749288602680,
-0.00748614468649,
-0.00747904018559,
-0.00747157555321,
-0.00746375381939,
-0.00745557801488,
-0.00744705117096,
-0.00743817631928,
-0.00742895649161,
-0.00741939471975,
-0.00740949403524,
-0.00739925746927,
-0.00738868805244,
-0.00737778881460,
-0.00736656278466,
-0.00735501299045,
-0.00734314245846,
-0.00733095421377,
-0.00731845127980,
-0.00730563667814,
-0.00729251342843,
-0.00727908454813,
-0.00726535305237,
-0.00725132195379,
-0.00723699426239,
-0.00722237298530,
-0.00720746112667,
-0.00719226168749,
-0.00717677766543,
-0.00716101205466,
-0.00714496784571,
-0.00712864802530,
-0.00711205557618,
-0.00709519347698,
-0.00707806470206,
-0.00706067222132,
-0.00704301900009,
-0.00702510799895,
-0.00700694217358,
-0.00698852447463,
-0.00696985784755,
-0.00695094523245,
-0.00693178956395,
-0.00691239377104,
-0.00689276077693,
-0.00687289349891,
-0.00685279484822,
-0.00683246772987,
-0.00681191504256,
-0.00679113967849,
-0.00677014452325,
-0.00674893245569,
-0.00672750634774,
-0.00670586906435,
-0.00668402346330,
-0.00666197239508,
-0.00663971870279,
-0.00661726522196,
-0.00659461478050,
-0.00657177019848,
-0.00654873428809,
-0.00652550985346,
-0.00650209969057,
-0.00647850658711,
-0.00645473332238,
-0.00643078266715,
-0.00640665738356,
-0.00638236022499,
-0.00635789393598,
-0.00633326125207,
-0.00630846489971,
-0.00628350759615,
-0.00625839204933,
-0.00623312095779,
-0.00620769701051,
-0.00618212288688,
-0.00615640125652,
-0.00613053477923,
-0.00610452610486,
-0.00607837787324,
-0.00605209271405,
-0.00602567324672,
-0.00599912208035,
-0.00597244181364,
-0.00594563503472,
-0.00591870432115,
-0.00589165223974,
-0.00586448134653,
-0.00583719418666,
-0.00580979329429,
-0.00578228119253,
-0.00575466039333,
-0.00572693339742,
-0.00569910269419,
-0.00567117076166,
-0.00564314006636,
-0.00561501306326,
-0.00558679219570,
-0.00555847989530,
-0.00553007858190,
-0.00550159066348,
-0.00547301853608,
-0.00544436458372,
-0.00541563117836,
-0.00538682067980,
-0.00535793543564,
-0.00532897778118,
-0.00529995003938,
-0.00527085452077,
-0.00524169352343,
-0.00521246933288,
-0.00518318422204,
-0.00515384045118,
-0.00512444026784,
-0.00509498590678,
-0.00506547958995,
-0.00503592352639,
-0.00500631991220,
-0.00497667093048,
-0.00494697875130,
-0.00491724553162,
-0.00488747341526,
-0.00485766453284,
-0.00482782100174,
-0.00479794492604,
-0.00476803839652,
-0.00473810349055,
-0.00470814227210,
-0.00467815679167,
-0.00464814908627,
-0.00461812117937,
-0.00458807508087,
-0.00455801278702,
-0.00452793628048,
-0.00449784753018,
-0.00446774849135,
-0.00443764110548,
-0.00440752730026,
-0.00437740898958,
-0.00434728807349,
-0.00431716643818,
-0.00428704595594,
-0.00425692848514,
-0.00422681587020,
-0.00419670994158,
-0.00416661251576,
-0.00413652539517,
-0.00410645036826,
-0.00407638920939,
-0.00404634367886,
-0.00401631552288,
-0.00398630647358,
-0.00395631824894,
-0.00392635255283,
-0.00389641107495,
-0.00386649549086,
-0.00383660746195,
-0.00380674863544,
-0.00377692064433,
-0.00374712510745,
-0.00371736362941,
-0.00368763780064,
-0.00365794919733,
-0.00362829938144,
-0.00359868990073,
-0.00356912228873,
-0.00353959806475,
-0.00351011873385,
-0.00348068578689,
-0.00345130070049,
-0.00342196493707,
-0.00339267994479,
-0.00336344715765,
-0.00333426799539,
-0.00330514386358,
-0.00327607615358,
-0.00324706624258,
-0.00321811549356,
-0.00318922525536,
-0.00316039686265,
-0.00313163163595,
-0.00310293088165,
-0.00307429589202,
-0.00304572794521,
-0.00301722830530,
-0.00298879822227,
-0.00296043893206,
-0.00293215165655,
-0.00290393760360,
-0.00287579796708,
-0.00284773392685,
-0.00281974664883,
-0.00279183728497,
-0.00276400697333,
-0.00273625683804,
-0.00270858798938,
-0.00268100152378,
-0.00265349852382,
-0.00262608005832,
-0.00259874718229,
-0.00257150093703,
-0.00254434235012,
-0.00251727243543,
-0.00249029219320,
-0.00246340261003,
-0.00243660465895,
-0.00240989929939,
-0.00238328747728,
-0.00235677012505,
-0.00233034816166,
-0.00230402249266,
-0.00227779401020,
-0.00225166359306,
-0.00222563210673,
-0.00219970040339,
-0.00217386932201,
-0.00214813968834,
-0.00212251231496,
-0.00209698800134,
-0.00207156753386,
-0.00204625168585,
-0.00202104121766,
-0.00199593687666,
-0.00197093939734,
-0.00194604950127,
-0.00192126789725,
-0.00189659528125,
-0.00187203233653,
-0.00184757973366,
-0.00182323813056,
-0.00179900817256,
-0.00177489049244,
-0.00175088571048,
-0.00172699443450,
-0.00170321725994,
-0.00167955476987,
-0.00165600753506,
-0.00163257611403,
-0.00160926105311,
-0.00158606288648,
-0.00156298213622,
-0.00154001931236,
-0.00151717491296,
-0.00149444942413,
-0.00147184332010,
-0.00144935706329,
-0.00142699110432,
-0.00140474588211,
-0.00138262182394,
-0.00136061934545,
-0.00133873885075,
-0.00131698073247,
-0.00129534537179,
-0.00127383313853,
-0.00125244439120,
-0.00123117947703,
-0.00121003873207,
-0.00118902248123,
-0.00116813103834,
-0.00114736470622,
-0.00112672377673,
-0.00110620853083,
-0.00108581923864,
-0.00106555615952,
-0.00104541954212,
-0.00102540962443,
-0.00100552663387,
-0.00098577078732,
-0.00096614229121,
-0.00094664134157,
-0.00092726812412,
-0.00090802281428,
-0.00088890557728,
-0.00086991656821,
-0.00085105593210,
-0.00083232380395,
-0.00081372030884,
-0.00079524556194,
-0.00077689966865,
-0.00075868272459,
-0.00074059481572,
-0.00072263601838,
-0.00070480639938,
-0.00068710601602,
-0.00066953491623,
-0.00065209313856,
-0.00063478071231,
-0.00061759765756,
-0.00060054398525,
-0.00058361969725,
-0.00056682478644,
-0.00055015923674,
-0.00053362302323,
-0.00051721611217,
-0.00050093846111,
-0.00048479001893,
-0.00046877072593,
-0.00045288051387,
-0.00043711930608,
-0.00042148701750,
-0.00040598355477,
-0.00039060881626,
-0.00037536269221,
-0.00036024506471,
-0.00034525580786,
-0.00033039478777,
-0.00031566186268,
-0.00030105688299,
-0.00028657969138,
-0.00027223012280,
-0.00025800800464,
-0.00024391315673,
-0.00022994539143,
-0.00021610451370,
-0.00020239032118,
-0.00018880260426,
-0.00017534114613,
-0.00016200572287,
-0.00014879610352,
-0.00013571205015,
-0.00012275331791,
-0.00010991965514,
-0.00009721080341,
-0.00008462649759,
-0.00007216646595,
-0.00005983043018,
-0.00004761810554,
-0.00003552920084,
-0.00002356341857,
-0.00001172045495,
0.00000000000000,
0.00001159826237,
0.00002307465432,
0.00003442950399,
0.00004566314543,
0.00005677591855,
0.00006776816901,
0.00007864024820,
0.00008939251313,
0.00010002532636,
0.00011053905598,
0.00012093407548,
0.00013121076371,
0.00014136950481,
0.00015141068813,
0.00016133470818,
0.00017114196453,
0.00018083286178,
0.00019040780946,
0.00019986722196,
0.00020921151850,
0.00021844112301,
0.00022755646411,
0.00023655797499,
0.00024544609341,
0.00025422126155,
0.00026288392600,
0.00027143453771,
0.00027987355184,
0.00028820142777,
0.00029641862901,
0.00030452562311,
0.00031252288164,
0.00032041088007,
0.00032819009775,
0.00033586101781,
0.00034342412712,
0.00035087991620,
0.00035822887918,
0.00036547151372,
0.00037260832094,
0.00037963980537,
0.00038656647488,
0.00039338884059,
0.00040010741688,
0.00040672272121,
0.00041323527418,
0.00041964559938,
0.00042595422337,
0.00043216167557,
0.00043826848827,
0.00044427519651,
0.00045018233803,
0.00045599045323,
0.00046170008508,
0.00046731177907,
0.00047282608315,
0.00047824354767,
0.00048356472533,
0.00048879017108,
0.00049392044212,
0.00049895609778,
0.00050389769950,
0.00050874581077,
0.00051350099704,
0.00051816382569,
0.00052273486597,
0.00052721468893,
0.00053160386737,
0.00053590297576,
0.00054011259024,
0.00054423328849,
0.00054826564974,
0.00055221025466,
0.00055606768534,
0.00055983852521,
0.00056352335901,
0.00056712277271,
0.00057063735348,
0.00057406768961,
0.00057741437048,
0.00058067798647,
0.00058385912895,
0.00058695839022,
0.00058997636343,
0.00059291364253,
0.00059577082226,
0.00059854849805,
0.00060124726598,
0.00060386772276,
0.00060641046565,
0.00060887609239,
0.00061126520122,
0.00061357839073,
0.00061581625993,
0.00061797940808,
0.00062006843473,
0.00062208393964,
0.00062402652271,
0.00062589678399,
0.00062769532356,
0.00062942274154,
0.00063107963803,
0.00063266661305,
0.00063418426648,
0.00063563319808,
0.00063701400737,
0.00063832729363,
0.00063957365582,
0.00064075369259,
0.00064186800218,
0.00064291718241,
0.00064390183064,
0.00064482254368,
0.00064567991782,
0.00064647454873,
0.00064720703145,
0.00064787796033,
0.00064848792901,
0.00064903753034,
0.00064952735640,
0.00064995799842,
0.00065033004673,
0.00065064409075,
0.00065090071895,
0.00065110051879,
0.00065124407670,
0.00065133197803,
0.00065136480704,
0.00065134314682,
0.00065126757929,
0.00065113868515,
0.00065095704384,
0.00065072323352,
0.00065043783102,
0.00065010141181,
0.00064971454997,
0.00064927781814,
0.00064879178754,
0.00064825702784,
0.00064767410723,
0.00064704359233,
0.00064636604815,
0.00064564203812,
0.00064487212397,
0.00064405686578,
0.00064319682192,
0.00064229254899,
0.00064134460184,
0.00064035353350,
0.00063931989520,
0.00063824423627,
0.00063712710418,
0.00063596904449,
0.00063477060079,
0.00063353231473,
0.00063225472594,
0.00063093837204,
0.00062958378861,
0.00062819150913,
0.00062676206501,
0.00062529598552,
0.00062379379779,
0.00062225602676,
0.00062068319521,
0.00061907582366,
0.00061743443041,
0.00061575953151,
0.00061405164068,
0.00061231126937,
0.00061053892668,
0.00060873511937,
0.00060690035181,
0.00060503512601,
0.00060313994153,
0.00060121529552,
0.00059926168267,
0.00059727959521,
0.00059526952285,
0.00059323195283,
0.00059116736985,
0.00058907625605,
0.00058695909104,
0.00058481635181,
0.00058264851281,
0.00058045604583,
0.00057823942005,
0.00057599910203,
0.00057373555565,
0.00057144924211,
0.00056914061994,
0.00056681014497,
0.00056445827030,
0.00056208544632,
0.00055969212067,
0.00055727873824,
0.00055484574113,
0.00055239356870,
0.00054992265749,
0.00054743344124,
0.00054492635090,
0.00054240181456,
0.00053986025750,
0.00053730210215,
0.00053472776808,
0.00053213767200,
0.00052953222774,
0.00052691184624,
0.00052427693558,
0.00052162790090,
0.00051896514446,
0.00051628906558,
0.00051360006068,
0.00051089852323,
0.00050818484378,
0.00050545940992,
0.00050272260630,
0.00049997481461,
0.00049721641359,
0.00049444777898,
0.00049166928358,
0.00048888129720,
0.00048608418668,
0.00048327831586,
0.00048046404559,
0.00047764173374,
0.00047481173517,
0.00047197440174,
0.00046913008234,
0.00046627912280,
0.00046342186599,
0.00046055865174,
0.00045768981690,
0.00045481569528,
0.00045193661769,
0.00044905291192,
0.00044616490275,
0.00044327291195,
0.00044037725826,
0.00043747825742,
0.00043457622214,
0.00043167146214,
0.00042876428410,
0.00042585499170,
0.00042294388563,
0.00042003126353,
0.00041711742006,
0.00041420264688,
0.00041128723263,
0.00040837146296,
0.00040545562053,
0.00040253998500,
0.00039962483302,
0.00039671043829,
0.00039379707151,
0.00039088500040,
0.00038797448970,
0.00038506580118,
0.00038215919367,
0.00037925492301,
0.00037635324210,
0.00037345440089,
0.00037055864637,
0.00036766622260,
0.00036477737073,
0.00036189232894,
0.00035901133253,
0.00035613461387,
0.00035326240241,
0.00035039492473,
0.00034753240449,
0.00034467506248,
0.00034182311661,
0.00033897678192,
0.00033613627057,
0.00033330179190,
0.00033047355238,
0.00032765175566,
0.00032483660253,
0.00032202829100,
0.00031922701624,
0.00031643297064,
0.00031364634378,
0.00031086732247,
0.00030809609073,
0.00030533282985,
0.00030257771832,
0.00029983093194,
0.00029709264373,
0.00029436302401,
0.00029164224040,
0.00028893045780,
0.00028622783842,
0.00028353454180,
0.00028085072482,
0.00027817654168,
0.00027551214396,
0.00027285768059,
0.00027021329789,
0.00026757913956,
0.00026495534671,
0.00026234205787,
0.00025973940899,
0.00025714753346,
0.00025456656211,
0.00025199662326,
0.00024943784269,
0.00024689034368,
0.00024435424701,
0.00024182967097,
0.00023931673139,
0.00023681554164,
0.00023432621264,
0.00023184885290,
0.00022938356848,
0.00022693046307,
0.00022448963796,
0.00022206119206,
0.00021964522193,
0.00021724182178,
0.00021485108348,
0.00021247309659,
0.00021010794838,
0.00020775572380,
0.00020541650555,
0.00020309037407,
0.00020077740754,
0.00019847768193,
0.00019619127097,
0.00019391824622,
0.00019165867703,
0.00018941263060,
0.00018718017196,
0.00018496136400,
0.00018275626751,
0.00018056494114,
0.00017838744146,
0.00017622382297,
0.00017407413811,
0.00017193843724,
0.00016981676874,
0.00016770917893,
0.00016561571216,
0.00016353641079,
0.00016147131520,
0.00015942046383,
0.00015738389318,
0.00015536163783,
0.00015335373047,
0.00015136020187,
0.00014938108096,
0.00014741639481,
0.00014546616863,
0.00014353042583,
0.00014160918799,
0.00013970247493,
0.00013781030467,
0.00013593269349,
0.00013406965590,
0.00013222120472,
0.00013038735103,
0.00012856810425,
0.00012676347209,
0.00012497346062,
0.00012319807426,
0.00012143731581,
0.00011969118644,
0.00011795968576,
0.00011624281177,
0.00011454056092,
0.00011285292812,
0.00011117990675,
0.00010952148866,
0.00010787766423,
0.00010624842236,
0.00010463375045,
0.00010303363451,
0.00010144805907,
0.00009987700728,
0.00009832046088,
0.00009677840022,
0.00009525080430,
0.00009373765077,
0.00009223891595,
0.00009075457483,
0.00008928460111,
0.00008782896722,
0.00008638764431,
0.00008496060227,
0.00008354780978,
0.00008214923428,
0.00008076484202,
0.00007939459806,
0.00007803846630,
0.00007669640947,
0.00007536838918,
0.00007405436589,
0.00007275429900,
0.00007146814677,
0.00007019586643,
0.00006893741412,
0.00006769274495,
0.00006646181301,
0.00006524457136,
0.00006404097210,
0.00006285096631,
0.00006167450412,
0.00006051153474,
0.00005936200640,
0.00005822586644,
0.00005710306130,
0.00005599353653,
0.00005489723680,
0.00005381410592,
0.00005274408688,
0.00005168712183,
0.00005064315211,
0.00004961211827,
0.00004859396006,
0.00004758861650,
0.00004659602582,
0.00004561612553,
0.00004464885243,
0.00004369414259,
0.00004275193141,
0.00004182215359,
0.00004090474318,
0.00003999963359,
0.00003910675756,
0.00003822604725,
0.00003735743419,
0.00003650084932,
0.00003565622301,
0.00003482348505,
0.00003400256470,
0.00003319339066,
0.00003239589113,
0.00003160999378,
0.00003083562580,
0.00003007271389,
0.00002932118428,
0.00002858096275,
0.00002785197462,
0.00002713414482,
0.00002642739782,
0.00002573165770,
0.00002504684818,
0.00002437289256,
0.00002370971379,
0.00002305723449,
0.00002241537690,
0.00002178406298,
0.00002116321434,
0.00002055275229,
0.00001995259788,
0.00001936267186,
0.00001878289471,
0.00001821318667,
0.00001765346773,
0.00001710365766,
0.00001656367601,
0.00001603344211,
0.00001551287511,
0.00001500189398,
0.00001450041751,
0.00001400836433,
0.00001352565292,
0.00001305220163,
0.00001258792868,
0.00001213275217,
0.00001168659009,
0.00001124936036,
0.00001082098079,
0.00001040136912,
0.00000999044305,
0.00000958812020,
0.00000919431816,
0.00000880895450,
0.00000843194674,
0.00000806321242,
0.00000770266906,
0.00000735023419,
0.00000700582536,
0.00000666936015,
0.00000634075618,
0.00000601993109,
0.00000570680262,
0.00000540128854,
0.00000510330671,
0.00000481277507,
0.00000452961166,
0.00000425373459,
0.00000398506212,
0.00000372351261,
0.00000346900455,
0.00000322145656,
0.00000298078741,
0.00000274691601,
0.00000251976146,
0.00000229924299,
0.00000208528003,
0.00000187779220,
0.00000167669930,
0.00000148192132,
0.00000129337848,
0.00000111099119,
0.00000093468012,
0.00000076436612,
0.00000059997032,
0.00000044141407,
0.00000028861898,
0.00000014150691,
0.00000000000000,
